version https://git-lfs.github.com/spec/v1
oid sha256:fa0e74c924fbbf98dfa8898e20f406316fa4b8994561c076551f2f12098e91f5
size 213
