version https://git-lfs.github.com/spec/v1
oid sha256:dbed492b1a96a374e5b63611190a4922b5241dd980c0d2e5d86c3dd24e2f533d
size 283
