version https://git-lfs.github.com/spec/v1
oid sha256:30dee7e4cf14800b0b693b2e0f10de38e5d7d590b596b2d056affa915ccbed1d
size 16
