version https://git-lfs.github.com/spec/v1
oid sha256:a65fd970f6473aa83950864049bd5dbebd00030024a68881d0049107d17d09fe
size 80
