version https://git-lfs.github.com/spec/v1
oid sha256:8d841984a0662d3ca9a8926748549c82704ab8f42adc50841173eec664bb8cff
size 146
